
Index of library concepts
The bold page number for each entry is the page where the concept is defined. Other page numbers refer to
pages where the concept is mentioned in the general text. Concepts whose name appears in italics are for
exposition only.

advanceable , 1148, 1149, 1149–1153                     common_reference_with, 561, 563, 563–565,
all-bidirectional , 1218, 1218–1220                             1048, 1070, 1081, 1187, 1268, 1907
all-forward , 1218, 1218–1220                           common_with, 561, 563, 564, 1060, 1110, 1112,
all-random-access , 1218, 1219–1221, 1263,                      1113, 1187
        1266                                            compares-as , 546, 547
assignable_from, 561, 564, 564, 565, 570, 883,          comparison-common-type-with , 547, 569, 569
        1073, 1082, 1083, 1086, 1089, 1101,             comparison-common-type-with-impl , 568, 569
        1104–1106, 1109, 1111, 1288                     compatible-joinable-ranges , 1127, 1187,
                                                                1187, 1189, 1193
bidirectional-common , 1187, 1189, 1190, 1192           const-formattable-range , 795, 795
bidirectional_iterator, 1057, 1059, 1063,               constant-iterator , 1060, 1095, 1095, 1132,
        1075, 1075, 1086–1088, 1096–1098, 1101,                 1133, 1138
        1110, 1112, 1132, 1133, 1137, 1141, 1143,       constant_range, 1128, 1138, 1138, 1205
        1274, 1288, 1290, 1291, 1297, 1298, 1305,       constructible_from, 561, 566, 566, 567,
        1307, 1316, 1333, 1336, 1337, 1347, 1351,               595–597, 1048, 1067, 1082, 1083, 1107,
        1359, 1360, 1362, 1376, 1377, 1775, 1777                1138, 1140, 1145, 1147, 1155, 1187, 1188,
bidirectional_range, 1127, 1137, 1137, 1139,                    1194, 1195, 1199, 1200, 1269, 1270, 1288,
        1140, 1166, 1167, 1170–1172, 1184, 1186,                1289, 1333, 1334, 1393–1395, 1795
        1187, 1189, 1190, 1192, 1204, 1208–1210,        container-compatible-range , 844–846, 850,
        1213–1215, 1217, 1218, 1224, 1226, 1229,                855–857, 860, 873, 881, 889, 898,
        1230, 1235, 1236, 1243–1245, 1247, 1249,                914–917, 919, 921, 922, 925–928,
        1250, 1253–1259, 1261, 1288, 1290, 1291,                931–933, 935–937, 942, 943, 945, 947,
        1297, 1298, 1305, 1307, 1316, 1333, 1336,               948, 950–952, 954–957, 961, 962, 965,
        1337, 1347, 1360, 1363, 1376, 1377                      968, 969, 972–974, 977–979, 982,
boolean-testable , 482, 490, 491, 493, 546, 549,                986–989, 991–994, 997, 999, 1002, 1004,
        567, 568, 568, 569, 571, 690, 704, 1077,                1009, 1010, 1013, 1015–1017, 1019, 1020,
        1080, 1274, 1787                                        1022, 1024, 1026
boolean-testable-impl , 567, 567, 568                   contiguous_iterator, 834, 877, 1030–1033,
borrowed_range, 1031, 1135, 1135, 1136,                         1057, 1063, 1076, 1076, 1097, 1098,
        1141–1144, 1684, 1685                                   1109–1111, 1134, 1137, 1139, 1202, 1466
                                                        contiguous_range, 834, 1031, 1032, 1137, 1137,
can-reference , 1055, 1055, 1056, 1066, 1073,                   1162, 1163
        1107, 1126, 1129, 1168, 1170, 1173, 1223,       convertible-to-non-slicing , 1140, 1140–1142
        1224, 1226, 1233, 1234, 1237                    convertible_to, 119, 404, 482, 560, 563, 563,
cartesian-is-sized-sentinel , 1261, 1264,                       567, 568, 767, 803, 873, 1067, 1089, 1095,
        1267                                                    1097, 1101, 1104–1106, 1109, 1111,
cartesian-product-common-arg , 1261, 1261                       1140–1142, 1145, 1149, 1163, 1170, 1171,
cartesian-product-is-bidirectional , 1261,                      1173, 1174, 1176, 1178, 1179, 1183, 1185,
        1263–1266                                               1186, 1189, 1191, 1193, 1195, 1196, 1202,
cartesian-product-is-common , 1261, 1262                        1208, 1209, 1211, 1213, 1214, 1216, 1218,
cartesian-product-is-random-access , 1261,                      1219, 1221, 1222, 1224, 1225, 1227, 1229,
        1263, 1264, 1266                                        1230, 1232, 1233, 1235–1238, 1244, 1245,
cartesian-product-is-sized , 1261, 1262,                        1249, 1250, 1257, 1258, 1263, 1265, 1270,
        1263                                                    1271, 1288, 1317–1319, 1684, 1685
common_range, 1127, 1137, 1137, 1139, 1140,             copy_constructible, 561, 567, 567, 570, 715,
        1145, 1164, 1165, 1169, 1170, 1182, 1184,               1081, 1136, 1147, 1155, 1160, 1161, 1164,
        1186–1188, 1190, 1194, 1200, 1202–1205,                 1165, 1169, 1175, 1177, 1179, 1181, 1182,
        1207, 1212, 1217, 1220, 1223, 1228, 1234,               1188, 1194, 1200, 1203–1205, 1207, 1213,
        1243, 1247, 1248, 1253, 1256, 1261                      1228, 1234, 1239, 1242, 1247, 1253, 1255,

Index of library concepts                                                                            2116

        1268, 1288, 1292, 1294, 1321, 1322, 1339,           1298, 1299, 1302–1306, 1314, 1320,
        1343                                                1323–1326, 1330–1333, 1343, 1345,
copyable, 570, 570, 1038, 1048, 1052, 1061, 1066,           1348–1350, 1355, 1357–1359, 1361, 1373,
        1083, 1105, 1124, 1125, 1127, 1136,                 1374
        1141–1143, 1148, 1150, 1153, 1160, 1161,
        1166, 1167, 1183, 1185, 1203, 1312, 1313,   has-arrow , 1138, 1166, 1167, 1183, 1185
        1371–1373                                   has-elem-type , 601, 601
cpp17-bidirectional-iterator , 1067, 1067,          has-member-element-type , 1065, 1066
        1068                                        has-member-value-type , 1065, 1065, 1066
cpp17-forward-iterator , 1067, 1067, 1068           has-tuple-element , 1207, 1207, 1208, 1211
cpp17-input-iterator , 1066, 1067
cpp17-iterator , 1066, 1066, 1068                   incrementable, 1056, 1072, 1072–1074, 1149,
cpp17-random-access-iterator , 1067, 1068                   1151, 1152
                                                    indirect_binary_predicate, 1081, 1083, 1130,
decrementable , 1148, 1149, 1149, 1151, 1152                1253, 1254, 1279, 1281, 1283, 1292, 1293,
default_initializable, 561, 567, 570, 594, 595,             1295, 1296, 1320, 1322, 1323, 1326, 1340,
        1095, 1105, 1109, 1140, 1147, 1148, 1151,           1341, 1343, 1344
        1155, 1158, 1160, 1163–1166, 1169, 1170,    indirect_equivalence_relation, 1081, 1285,
        1175, 1177, 1179, 1181, 1182, 1187, 1194,           1286, 1296, 1297, 1330, 1345, 1346
        1199, 1203–1205, 1207, 1208, 1212, 1213,    indirect_strict_weak_order, 1081, 1084,
        1228, 1253, 1257, 1270, 1271, 1391, 1392            1301–1304, 1307, 1312–1315, 1354, 1355,
dereferenceable , 1055, 1055, 1056, 1105, 1107,             1357, 1358, 1363, 1370–1375
        1109, 1111                                  indirect_unary_predicate, 1081, 1104, 1126,
derived_from, 560, 562, 562, 1074–1076, 1088,               1165, 1166, 1168, 1177, 1178, 1181, 1279,
        1101, 1106, 1137, 1140, 1145, 1157, 1160,           1281, 1283, 1290, 1293–1296, 1304–1306,
        1167, 1171, 1184, 1190, 1198, 1209, 1225,           1319, 1320, 1323, 1326, 1327, 1335, 1336,
        1235, 1258                                          1340, 1341, 1343, 1344, 1359–1361
destructible, 480, 561, 566, 566, 597, 1395,        indirectly-binary-left-foldable , 1288,
        1396, 1795                                          1288, 1289, 1333, 1334
different-from , 689, 697, 700, 1095–1097, 1099,    indirectly-binary-left-foldable-impl ,
        1138, 1141, 1142, 1162, 1163                        1288, 1288
                                                    indirectly-binary-right-foldable , 1288,
equality_comparable, 561, 569, 569, 570, 1038,              1288, 1333
        1066, 1071, 1072, 1074, 1151, 1153, 1166,   indirectly-readable-impl , 1070, 1070
        1167, 1170, 1172, 1184, 1186, 1189, 1192,   indirectly_comparable, 1058, 1082, 1083, 1083,
        1208, 1210, 1219, 1220, 1224, 1226, 1257,           1127, 1194, 1195, 1197, 1199–1201, 1279,
        1259, 1263, 1266                                    1282, 1284–1287, 1320, 1324, 1325, 1328,
equality_comparable_with, 569, 569, 570, 772,               1329, 1331–1333
        1105, 1108, 1906                            indirectly_copyable, 1057, 1082, 1083, 1083,
equivalence_relation, 562, 571, 571, 1081                   1084, 1289, 1290, 1293, 1294, 1296–1299,
                                                            1301, 1305, 1334–1336, 1341, 1344,
floating_point, 564, 1479                                   1346–1349, 1354, 1360
formattable, 795, 796, 805, 806, 811–813, 819,      indirectly_copyable_storable, 1083, 1083,
        820, 1028                                           1297, 1313, 1346, 1371–1373
formattable-with , 805, 805, 816, 817               indirectly_movable, 1057, 1082, 1082, 1104,
forward_iterator, 1056, 1063, 1074, 1074, 1075,             1290, 1291, 1337
        1083, 1096–1098, 1101, 1102, 1106, 1107,    indirectly_movable_storable, 1069, 1082,
        1109, 1111, 1133–1137, 1141, 1142, 1189,            1082, 1083
        1192, 1274, 1279, 1281–1283, 1285–1287,     indirectly_readable, 1056, 1057, 1060, 1065,
        1297, 1298, 1302–1304, 1306, 1314, 1320,            1066, 1069, 1070, 1070, 1074, 1081–1083,
        1323–1326, 1330–1332, 1346, 1348, 1349,             1095, 1107, 1109, 1268, 1288
        1355, 1357, 1358, 1361, 1373, 1374, 1391    indirectly_regular_unary_invocable, 1057,
forward_range, 881, 883, 934, 1127, 1129, 1130,             1081, 1082
        1137, 1137, 1139, 1140, 1166, 1167,         indirectly_swappable, 1057, 1082, 1083, 1083,
        1170–1172, 1180–1192, 1194–1202, 1208,              1088, 1091, 1101, 1103, 1106, 1108, 1110,
        1209, 1213, 1214, 1218, 1224, 1225, 1228,           1113, 1166, 1168, 1184, 1186, 1190, 1198,
        1229, 1232–1234, 1237, 1242, 1243, 1247,            1199, 1219, 1221, 1230, 1232, 1241, 1242,
        1248, 1252–1254, 1256–1261, 1263–1265,              1258, 1260, 1264, 1267, 1291, 1338
        1279, 1281–1283, 1286, 1287, 1295, 1296,

Index of library concepts                                                                       2117

indirectly_unary_invocable, 1081, 1280,              nothrow-input-range , 594, 597, 1391, 1391,
        1321, 1322                                           1395
indirectly_writable, 1056, 1063, 1070, 1070,         nothrow-sentinel-for , 594–597, 1391,
        1071, 1074, 1082, 1083, 1292–1294, 1339,             1391–1395
        1340, 1343, 1380, 1389
input_iterator, 595, 596, 1056, 1060, 1061,          output_iterator, 804, 805, 810, 1056, 1063,
        1063, 1068, 1074, 1074, 1084, 1095, 1101,            1074, 1074, 1137, 1293, 1294, 1341, 1342
        1104–1106, 1108, 1110, 1113, 1132, 1133,     output_range, 1137, 1137, 1294, 1342, 1343,
        1137, 1138, 1268, 1279–1285, 1287–1294,              1380, 1389
        1296–1298, 1301, 1304–1310, 1315,
                                                     pair-like , 593, 605, 686, 687, 689, 692, 1140
        1319–1323, 1325, 1326, 1328, 1329,
                                                     pair-like-convertible-from , 1140, 1141,
        1332–1335, 1337–1341, 1344, 1346, 1349,
        1354, 1359, 1360, 1362–1367, 1375, 1390,
                                                     partially-ordered-with , 546, 546, 547, 570
        1393, 1394
                                                     permutable, 1058, 1082, 1083, 1083, 1084,
input_or_output_iterator, 1056, 1058, 1059,
                                                             1295–1299, 1304, 1305, 1343, 1345,
        1061, 1063, 1073, 1073, 1074, 1086, 1087,
                                                             1347–1350, 1359, 1360
        1105, 1109, 1124, 1131–1133, 1135, 1140,
                                                     predicate, 562, 571, 571, 1081
        1141, 1294, 1343, 1380, 1389
input_range, 595, 596, 795, 796, 811–816, 848,       random_access_iterator, 589, 995, 1007, 1014,
        873, 916, 920, 927, 933, 939, 944, 949,              1021, 1057, 1063, 1074, 1075, 1075, 1076,
        950, 953, 957, 964, 970, 971, 976, 980,              1085, 1086, 1088, 1096–1099, 1101,
        981, 987, 990, 993, 994, 1001, 1012, 1018,           1110–1112, 1135, 1137, 1202, 1274,
        1025, 1124, 1126–1130, 1137, 1137–1139,              1298–1301, 1303, 1310–1312, 1349,
        1144, 1145, 1157, 1164–1166, 1168, 1170,             1352–1354, 1356, 1368–1371
        1173, 1177, 1178, 1181–1183, 1186–1189,      random_access_range, 1137, 1137, 1139, 1140,
        1192–1195, 1197, 1205, 1207, 1211, 1217,             1170–1175, 1179, 1180, 1203, 1208–1210,
        1218, 1221, 1223, 1224, 1226, 1238–1241,             1213–1215, 1217, 1218, 1224–1226,
        1255, 1256, 1261, 1263, 1269–1271,                   1229–1232, 1235–1237, 1244–1247,
        1279–1285, 1287–1294, 1296, 1297, 1299,              1249–1251, 1257–1261, 1299–1301, 1303,
        1301, 1304–1310, 1313, 1315, 1319–1321,              1311, 1312, 1349, 1352–1354, 1356,
        1323, 1325–1329, 1332–1341, 1344, 1346,              1368–1371
        1349, 1354, 1359, 1360, 1362–1367,           range, 1058, 1087, 1122–1125, 1135, 1135–1140,
        1371–1373, 1375, 1393, 1394                          1144, 1159, 1160, 1162–1164, 1166, 1169,
integer-like-with-usable-difference-type ,                   1175, 1177, 1178, 1180, 1181, 1200, 1203,
        1154, 1154, 1155                                     1205–1207, 1217, 1223, 1228, 1234, 1248,
integral, 342, 343, 564, 564, 822, 1065, 1071                1253, 1256, 1262, 1275, 1391
invocable, 485, 562, 571, 571, 715, 1057, 1081,      range-with-movable-references , 1138, 1212,
        1287, 1288, 1294, 1343, 1409, 1795                   1213, 1215
is-derived-from-optional , 706, 706, 718             ref-wrap-common-reference-exists-with ,
                                                             767, 767
layout-mapping-alike , 1046, 1046, 1047
                                                     regular, 570, 570, 586, 1036, 1041, 1043, 1045,
mergeable, 1058, 1082, 1083, 1084, 1306,                     1072
        1308–1310, 1362, 1364–1367                   regular_invocable, 562, 571, 571, 1081, 1126,
movable, 570, 570, 1071, 1082, 1125, 1136, 1138,             1129, 1168–1170, 1173, 1222–1224, 1226,
                                                             1233, 1234, 1237
        1158, 1160, 1161, 1163, 1288
                                                     relation, 562, 571, 571
move_constructible, 561, 565, 567, 567, 570,
        715, 1107, 1125, 1126, 1129, 1138, 1147,     returnable-element , 1207, 1207, 1208, 1211
        1154, 1155, 1160, 1168, 1170, 1173, 1207,    same-as-impl , 562, 562
        1222–1224, 1226, 1233, 1234, 1237            same_as, 121, 546, 560, 562, 562–564, 568, 796,
                                                             805, 811–813, 816, 952, 956, 974, 979,
not-a-const-iterator , 1095, 1096, 1097, 1097,
                                                             1046, 1061, 1066, 1067, 1070–1073, 1075,
                                                             1076, 1086, 1095, 1096, 1098, 1105, 1110,
nothrow-forward-iterator , 594–597, 1391,
                                                             1124, 1125, 1137, 1138, 1143, 1144,
        1391–1395
                                                             1148–1150, 1154–1156, 1164, 1270, 1271,
nothrow-forward-range , 594–597, 1391,
                                                             1297, 1346, 1390, 1409
        1391–1394
                                                     semiregular, 485, 570, 570, 805, 1049, 1060,
nothrow-input-iterator , 594, 597, 1390, 1390,
                                                             1061, 1073, 1095, 1104, 1125, 1148, 1150,
        1391, 1395, 1396
                                                             1153–1155

Index of library concepts                                                                        2118

sentinel_for, 595, 596, 1056, 1058, 1059, 1061,      uses-nonqualification-pointer-conversion ,
        1073, 1073, 1074, 1086, 1087, 1096, 1098,            1140, 1140
        1100, 1102, 1104, 1105, 1108, 1124,
        1131–1133, 1135, 1140, 1141, 1173, 1174,     view, 1124, 1126–1130, 1135, 1136, 1136–1138,
        1176–1178, 1186, 1187, 1193, 1211, 1216,              1140, 1145, 1146, 1162, 1164–1166, 1168,
        1221, 1222, 1227, 1232, 1233, 1237, 1238,             1170, 1173, 1174, 1176–1179, 1181, 1183,
        1279–1312, 1314–1316, 1319–1326,                      1186, 1187, 1189, 1193–1195, 1197,
        1328–1350, 1352–1371, 1373–1377, 1380,                1199–1201, 1203–1205, 1207, 1208,
        1389, 1391, 1393                                      1211–1213, 1215, 1217, 1218, 1221, 1223,
signed_integral, 564, 564, 1067, 1071                         1224, 1226, 1228, 1229, 1232–1234,
simple-view , 1138, 1164, 1175, 1177, 1179, 1180,             1237–1243, 1247, 1249, 1252–1256, 1261,
        1182, 1188, 1194, 1206, 1207, 1212, 1217,             1263, 1269
        1228, 1243, 1247, 1248, 1256, 1262           viewable_range, 1125, 1138, 1138, 1160
sized_range, 834, 881, 883, 934, 1031, 1087,
        1123, 1135, 1136, 1136, 1139–1142, 1144,     weakly-equality-comparable-with , 547, 569,
        1145, 1162–1164, 1169, 1174–1176, 1179,              569, 1073, 1125, 1148, 1150, 1153
        1180, 1193, 1203, 1204, 1206, 1207, 1212,    weakly_incrementable, 1056, 1057, 1064, 1071,
        1217, 1218, 1224, 1228, 1229, 1234, 1239,            1071–1073, 1082, 1084, 1104, 1113, 1125,
        1243, 1247, 1248, 1256, 1261, 1287, 1329,            1148–1150, 1153, 1154, 1289, 1290, 1292,
        1330, 1333                                           1296–1299, 1305, 1306, 1308–1310,
sized_sentinel_for, 834, 1031, 1056, 1058,                   1334–1337, 1339, 1344, 1346–1349, 1360,
        1060, 1061, 1073, 1073–1075, 1086, 1087,             1362, 1364–1367, 1380, 1389
        1097, 1099, 1100, 1103, 1105, 1108, 1124,
                                                     zip-is-common , 1217, 1217
        1133, 1139–1142, 1150, 1154, 1171,
        1173–1176, 1209, 1211, 1212, 1216, 1219,
        1221, 1222, 1225–1227, 1230, 1232, 1233,
        1235, 1237, 1238, 1240–1242, 1244, 1246,
        1247, 1249, 1252, 1258, 1260, 1261, 1287,
        1329, 1330, 1332
slide-caches-first , 1247, 1248–1250, 1252
slide-caches-last , 1247, 1247, 1248
slide-caches-nothing , 1247, 1247, 1248, 1250
sortable, 1058, 1082, 1084, 1084, 1300, 1301,
        1303, 1307, 1310, 1311, 1316, 1352–1354,
        1356, 1362, 1363, 1368–1370, 1376, 1377
stream-extractable , 1158, 1158
strict_weak_order, 562, 571, 571, 1081
swappable, 561, 565, 566, 570
swappable_with, 565, 566, 1069

three_way_comparable, 542, 547, 547, 586, 598,
        619, 720, 728, 984, 988, 995, 1072, 1096,
        1099, 1151, 1153, 1171, 1172, 1208, 1210,
        1229, 1231, 1235, 1237, 1244, 1246, 1249,
        1251, 1257, 1260, 1500
three_way_comparable_with, 482, 547, 547, 598,
        618, 706, 717, 718, 772, 1059, 1061, 1091,
        1096, 1099, 1103, 1482, 1491, 1505, 1561
tiny-range , 1127, 1193, 1194–1197, 1199
totally_ordered, 480, 547, 561, 569, 570, 1067,
        1075, 1149, 1151, 1153
totally_ordered_with, 547, 570, 570, 773, 1096,
        1099, 1150
tuple-like , 692, 693, 693–695, 697, 698,
        700–702, 704, 705, 1207

uniform_random_bit_generator, 1299, 1349,
        1409, 1409
unsigned_integral, 564, 564, 1071, 1409

Index of library concepts                                                                        2119
